optseq2
$Id: optseq2.c,v 2.22 2011/04/21 19:48:51 greve Exp $
NoSearch  = 0
tSearch  = 1 hours
nKeep    = 20
PctUpdate  = 10.000000
nCB1Opt  = 0
seed     = 465137
Ntp  = 300
TR   = 1
TPreScan   = 0
PSD Window   = 0 20 1
nEvTypes = 13
EvNo    Label Duration nRepsNom
 1 OnePulse_1  2.000    3
 2 OnePulse_2  2.000    3
 3 OnePulse_3  2.000    3
 4 OnePulse_4  2.000    3
 5 OnePulse_5  2.000    3
 6 OnePulse_6  2.000    3
 7 TwoPulse_1  2.000    3
 8 TwoPulse_2  2.000    3
 9 TwoPulse_3  2.000    3
10 TwoPulse_4  2.000    3
11 TwoPulse_5  2.000    3
12 TwoPulse_6  2.000    3
13 BlankPulse  2.000    3
PctVarEvReps = 0
VarEvRepsPerCond = 0
PolyOrder = -1
tNullMax = 15
tNullMin = 3
AR1 = 0
No refractory penalty
Cost = eff
OutStem = task-tact
Summary File = sumFile.sum




Searched 35494 iterations for 1.000000 hours
Rate: 9.85944 iterations per second
Number of iterations since last substitution 2
Cost Avg/Std: 0.0019395 0.0002424
Max Eff Encountered:    0.00259233
Max VRFAvg Encountered: 0.788319
Eff of Nominal Ideal XtX: 0.0114135

Rank     Cost   ZCost NthIter  Eff   CB1Err   VRFAvg VRFStd VRFMin VRFMax VRFRng IXtXErr  
  1    0.0026   2.693 35492   0.003 1.536489   0.73   0.24   0.30   1.99   1.69   2895.56
  2    0.0026   2.632 30530   0.003 1.524654   0.75   0.25   0.29   1.62   1.32   2820.89
  3    0.0026   2.574 28422   0.003 1.560157   0.73   0.24   0.24   1.57   1.33   2889.50
  4    0.0026   2.520  9703   0.003 1.571992   0.72   0.23   0.31   1.66   1.35   2870.21
  5    0.0025   2.493  3519   0.003 1.548323   0.71   0.21   0.31   1.45   1.14   2858.50
  6    0.0025   2.483  2635   0.003 1.548323   0.71   0.21   0.29   1.43   1.14   2895.39
  7    0.0025   2.420 26097   0.003 1.536489   0.71   0.20   0.31   1.35   1.04   2849.73
  8    0.0025   2.419 16756   0.003 1.524654   0.72   0.24   0.21   1.61   1.40   2858.17
  9    0.0025   2.305  5282   0.002 1.536489   0.71   0.21   0.28   1.44   1.15   2836.44
 10    0.0025   2.297  1763   0.002 1.548323   0.71   0.22   0.27   1.48   1.21   2854.61
 11    0.0025   2.263  7567   0.002 1.536489   0.71   0.23   0.26   1.58   1.33   2840.53
 12    0.0025   2.262  8597   0.002 1.548323   0.71   0.24   0.33   1.54   1.21   2846.23
 13    0.0025   2.258  8236   0.002 1.560158   0.71   0.23   0.27   1.52   1.24   2879.86
 14    0.0025   2.248  3852   0.002 1.536489   0.69   0.21   0.35   1.49   1.14   2874.30
 15    0.0025   2.230 18527   0.002 1.536489   0.71   0.24   0.34   1.71   1.37   2888.06
 16    0.0025   2.223  3943   0.002 1.548323   0.71   0.22   0.15   1.37   1.21   2880.93
 17    0.0025   2.215 16879   0.002 1.536489   0.71   0.24   0.25   2.00   1.75   2841.81
 18    0.0025   2.207 16634   0.002 1.548323   0.69   0.21   0.27   1.68   1.41   2877.10
 19    0.0025   2.201 31228   0.002 1.536489   0.75   0.30   0.23   1.59   1.36   2852.52
 20    0.0025   2.199 28123   0.002 1.560158   0.69   0.20   0.34   1.38   1.04   2809.37

Ideal CB1 PMtx--------------------------
 0.07692   0.07692   0.07692   0.07692   0.07692   0.07692   0.07692   0.07692   0.07692   0.07692   0.07692   0.07692   0.07692;
 0.07692   0.07692   0.07692   0.07692   0.07692   0.07692   0.07692   0.07692   0.07692   0.07692   0.07692   0.07692   0.07692;
 0.07692   0.07692   0.07692   0.07692   0.07692   0.07692   0.07692   0.07692   0.07692   0.07692   0.07692   0.07692   0.07692;
 0.07692   0.07692   0.07692   0.07692   0.07692   0.07692   0.07692   0.07692   0.07692   0.07692   0.07692   0.07692   0.07692;
 0.07692   0.07692   0.07692   0.07692   0.07692   0.07692   0.07692   0.07692   0.07692   0.07692   0.07692   0.07692   0.07692;
 0.07692   0.07692   0.07692   0.07692   0.07692   0.07692   0.07692   0.07692   0.07692   0.07692   0.07692   0.07692   0.07692;
 0.07692   0.07692   0.07692   0.07692   0.07692   0.07692   0.07692   0.07692   0.07692   0.07692   0.07692   0.07692   0.07692;
 0.07692   0.07692   0.07692   0.07692   0.07692   0.07692   0.07692   0.07692   0.07692   0.07692   0.07692   0.07692   0.07692;
 0.07692   0.07692   0.07692   0.07692   0.07692   0.07692   0.07692   0.07692   0.07692   0.07692   0.07692   0.07692   0.07692;
 0.07692   0.07692   0.07692   0.07692   0.07692   0.07692   0.07692   0.07692   0.07692   0.07692   0.07692   0.07692   0.07692;
 0.07692   0.07692   0.07692   0.07692   0.07692   0.07692   0.07692   0.07692   0.07692   0.07692   0.07692   0.07692   0.07692;
 0.07692   0.07692   0.07692   0.07692   0.07692   0.07692   0.07692   0.07692   0.07692   0.07692   0.07692   0.07692   0.07692;
 0.07692   0.07692   0.07692   0.07692   0.07692   0.07692   0.07692   0.07692   0.07692   0.07692   0.07692   0.07692   0.07692;
Schedule 1 CB1 PMtx--------------------------
 0.00000   0.00000   0.00000   0.00000   0.33333   0.33333   0.33333   0.00000   0.00000   0.00000   0.00000   0.00000   0.00000;
 0.33333   0.00000   0.00000   0.00000   0.00000   0.00000   0.00000   0.00000   0.33333   0.00000   0.00000   0.00000   0.00000;
 0.33333   0.00000   0.00000   0.00000   0.00000   0.00000   0.33333   0.00000   0.00000   0.33333   0.00000   0.00000   0.00000;
 0.33333   0.00000   0.33333   0.00000   0.00000   0.00000   0.00000   0.00000   0.00000   0.33333   0.00000   0.00000   0.00000;
 0.00000   0.00000   0.00000   0.00000   0.00000   0.00000   0.00000   0.33333   0.33333   0.00000   0.00000   0.00000   0.33333;
 0.00000   0.00000   0.00000   0.33333   0.00000   0.00000   0.00000   0.33333   0.00000   0.00000   0.00000   0.33333   0.00000;
 0.00000   0.00000   0.00000   0.00000   0.00000   0.00000   0.00000   0.00000   0.33333   0.00000   0.33333   0.33333   0.00000;
 0.00000   0.00000   0.33333   0.00000   0.00000   0.33333   0.00000   0.00000   0.00000   0.00000   0.00000   0.00000   0.33333;
 0.00000   0.00000   0.00000   0.00000   0.00000   0.00000   0.00000   0.00000   0.00000   0.33333   0.66667   0.00000   0.00000;
 0.00000   0.33333   0.00000   0.00000   0.33333   0.33333   0.00000   0.00000   0.00000   0.00000   0.00000   0.00000   0.00000;
 0.00000   0.00000   0.00000   0.00000   0.00000   0.00000   0.33333   0.00000   0.00000   0.00000   0.00000   0.33333   0.33333;
 0.00000   0.33333   0.00000   0.33333   0.33333   0.00000   0.00000   0.00000   0.00000   0.00000   0.00000   0.00000   0.00000;
 0.00000   0.33333   0.33333   0.33333   0.00000   0.00000   0.00000   0.00000   0.00000   0.00000   0.00000   0.00000   0.00000;
Schedule 2 CB1 PMtx--------------------------
 0.00000   0.00000   0.00000   0.00000   0.00000   0.00000   0.00000   0.00000   0.00000   0.33333   0.33333   0.33333   0.00000;
 0.00000   0.33333   0.00000   0.00000   0.00000   0.00000   0.00000   0.33333   0.33333   0.00000   0.00000   0.00000   0.00000;
 0.33333   0.00000   0.00000   0.00000   0.00000   0.33333   0.33333   0.00000   0.00000   0.00000   0.00000   0.00000   0.00000;
 0.33333   0.00000   0.00000   0.00000   0.00000   0.00000   0.00000   0.00000   0.33333   0.00000   0.00000   0.33333   0.00000;
 0.33333   0.00000   0.00000   0.00000   0.00000   0.00000   0.00000   0.00000   0.00000   0.33333   0.00000   0.33333   0.00000;
 0.00000   0.00000   0.00000   0.00000   0.00000   0.33333   0.33333   0.00000   0.00000   0.00000   0.00000   0.00000   0.33333;
 0.00000   0.00000   0.33333   0.00000   0.33333   0.00000   0.00000   0.00000   0.00000   0.00000   0.00000   0.00000   0.33333;
 0.00000   0.00000   0.00000   0.00000   0.00000   0.00000   0.00000   0.33333   0.00000   0.33333   0.33333   0.00000   0.00000;
 0.00000   0.33333   0.00000   0.00000   0.00000   0.00000   0.33333   0.33333   0.00000   0.00000   0.00000   0.00000   0.00000;
 0.00000   0.33333   0.00000   0.33333   0.00000   0.00000   0.00000   0.00000   0.00000   0.00000   0.33333   0.00000   0.00000;
 0.00000   0.00000   0.00000   0.33333   0.33333   0.00000   0.00000   0.00000   0.00000   0.00000   0.00000   0.00000   0.00000;
 0.00000   0.00000   0.33333   0.00000   0.33333   0.00000   0.00000   0.00000   0.00000   0.00000   0.00000   0.00000   0.33333;
 0.00000   0.00000   0.33333   0.33333   0.00000   0.33333   0.00000   0.00000   0.00000   0.00000   0.00000   0.00000   0.00000;
Schedule 3 CB1 PMtx--------------------------
 0.00000   0.00000   0.00000   0.00000   0.00000   0.00000   0.33333   0.00000   0.33333   0.00000   0.33333   0.00000   0.00000;
 0.00000   0.33333   0.00000   0.00000   0.33333   0.00000   0.33333   0.00000   0.00000   0.00000   0.00000   0.00000   0.00000;
 0.00000   0.00000   0.00000   0.00000   0.00000   0.00000   0.00000   0.33333   0.00000   0.33333   0.33333   0.00000   0.00000;
 0.00000   0.00000   0.00000   0.00000   0.00000   0.33333   0.00000   0.00000   0.00000   0.00000   0.00000   0.33333   0.00000;
 0.00000   0.00000   0.00000   0.00000   0.00000   0.00000   0.00000   0.00000   0.00000   0.33333   0.00000   0.66667   0.00000;
 0.00000   0.00000   0.00000   0.33333   0.00000   0.33333   0.00000   0.00000   0.00000   0.00000   0.00000   0.00000   0.33333;
 0.33333   0.00000   0.00000   0.33333   0.00000   0.00000   0.00000   0.00000   0.00000   0.33333   0.00000   0.00000   0.00000;
 0.33333   0.00000   0.33333   0.00000   0.00000   0.00000   0.33333   0.00000   0.00000   0.00000   0.00000   0.00000   0.00000;
 0.00000   0.00000   0.00000   0.33333   0.33333   0.00000   0.00000   0.00000   0.00000   0.00000   0.33333   0.00000   0.00000;
 0.00000   0.33333   0.33333   0.00000   0.00000   0.00000   0.00000   0.00000   0.33333   0.00000   0.00000   0.00000   0.00000;
 0.33333   0.00000   0.00000   0.00000   0.33333   0.33333   0.00000   0.00000   0.00000   0.00000   0.00000   0.00000   0.00000;
 0.00000   0.00000   0.33333   0.00000   0.00000   0.00000   0.00000   0.00000   0.00000   0.00000   0.00000   0.00000   0.66667;
 0.00000   0.33333   0.00000   0.00000   0.00000   0.00000   0.00000   0.66667   0.00000   0.00000   0.00000   0.00000   0.00000;
Schedule 4 CB1 PMtx--------------------------
 0.00000   0.00000   0.00000   0.00000   0.33333   0.33333   0.00000   0.33333   0.00000   0.00000   0.00000   0.00000   0.00000;
 0.00000   0.00000   0.66667   0.00000   0.00000   0.00000   0.00000   0.33333   0.00000   0.00000   0.00000   0.00000   0.00000;
 0.33333   0.00000   0.33333   0.00000   0.33333   0.00000   0.00000   0.00000   0.00000   0.00000   0.00000   0.00000   0.00000;
 0.33333   0.00000   0.00000   0.00000   0.00000   0.33333   0.33333   0.00000   0.00000   0.00000   0.00000   0.00000   0.00000;
 0.00000   0.33333   0.00000   0.33333   0.00000   0.00000   0.00000   0.00000   0.00000   0.00000   0.00000   0.33333   0.00000;
 0.00000   0.00000   0.00000   0.00000   0.00000   0.00000   0.00000   0.33333   0.00000   0.66667   0.00000   0.00000   0.00000;
 0.33333   0.00000   0.00000   0.00000   0.00000   0.00000   0.00000   0.00000   0.33333   0.00000   0.33333   0.00000   0.00000;
 0.00000   0.00000   0.00000   0.33333   0.00000   0.00000   0.00000   0.00000   0.33333   0.00000   0.33333   0.00000   0.00000;
 0.00000   0.00000   0.00000   0.33333   0.00000   0.00000   0.33333   0.00000   0.00000   0.00000   0.00000   0.33333   0.00000;
 0.00000   0.66667   0.00000   0.00000   0.00000   0.00000   0.33333   0.00000   0.00000   0.00000   0.00000   0.00000   0.00000;
 0.00000   0.00000   0.00000   0.00000   0.00000   0.33333   0.00000   0.00000   0.00000   0.00000   0.00000   0.00000   0.66667;
 0.00000   0.00000   0.00000   0.00000   0.00000   0.00000   0.00000   0.00000   0.00000   0.00000   0.33333   0.33333   0.33333;
 0.00000   0.00000   0.00000   0.00000   0.33333   0.00000   0.00000   0.00000   0.33333   0.00000   0.00000   0.00000   0.00000;
Schedule 5 CB1 PMtx--------------------------
 0.00000   0.33333   0.00000   0.00000   0.00000   0.00000   0.00000   0.00000   0.00000   0.00000   0.33333   0.00000   0.33333;
 0.00000   0.00000   0.00000   0.00000   0.00000   0.33333   0.00000   0.33333   0.00000   0.00000   0.00000   0.33333   0.00000;
 0.00000   0.00000   0.33333   0.00000   0.00000   0.00000   0.33333   0.00000   0.00000   0.33333   0.00000   0.00000   0.00000;
 0.00000   0.00000   0.00000   0.33333   0.00000   0.33333   0.33333   0.00000   0.00000   0.00000   0.00000   0.00000   0.00000;
 0.33333   0.00000   0.00000   0.00000   0.00000   0.00000   0.00000   0.00000   0.00000   0.00000   0.33333   0.00000   0.33333;
 0.00000   0.00000   0.66667   0.00000   0.00000   0.00000   0.00000   0.00000   0.33333   0.00000   0.00000   0.00000   0.00000;
 0.33333   0.33333   0.00000   0.00000   0.00000   0.00000   0.00000   0.00000   0.00000   0.00000   0.33333   0.00000   0.00000;
 0.00000   0.00000   0.00000   0.00000   0.33333   0.00000   0.00000   0.33333   0.00000   0.00000   0.00000   0.33333   0.00000;
 0.00000   0.33333   0.00000   0.00000   0.00000   0.00000   0.00000   0.00000   0.00000   0.00000   0.00000   0.33333   0.33333;
 0.00000   0.00000   0.00000   0.33333   0.00000   0.33333   0.00000   0.00000   0.33333   0.00000   0.00000   0.00000   0.00000;
 0.00000   0.00000   0.00000   0.00000   0.33333   0.00000   0.00000   0.00000   0.00000   0.66667   0.00000   0.00000   0.00000;
 0.33333   0.00000   0.00000   0.00000   0.33333   0.00000   0.00000   0.33333   0.00000   0.00000   0.00000   0.00000   0.00000;
 0.00000   0.00000   0.00000   0.33333   0.00000   0.00000   0.33333   0.00000   0.00000   0.00000   0.00000   0.00000   0.00000;
Schedule 6 CB1 PMtx--------------------------
 0.00000   0.00000   0.00000   0.33333   0.00000   0.00000   0.33333   0.00000   0.00000   0.00000   0.33333   0.00000   0.00000;
 0.00000   0.00000   0.00000   0.00000   0.00000   0.00000   0.33333   0.00000   0.33333   0.00000   0.00000   0.33333   0.00000;
 0.00000   0.00000   0.33333   0.00000   0.33333   0.00000   0.00000   0.00000   0.00000   0.33333   0.00000   0.00000   0.00000;
 0.00000   0.00000   0.33333   0.00000   0.00000   0.00000   0.00000   0.33333   0.00000   0.00000   0.33333   0.00000   0.00000;
 0.33333   0.00000   0.00000   0.00000   0.00000   0.00000   0.00000   0.00000   0.00000   0.00000   0.00000   0.00000   0.33333;
 0.00000   0.00000   0.00000   0.33333   0.33333   0.00000   0.00000   0.00000   0.00000   0.00000   0.00000   0.00000   0.33333;
 0.00000   0.00000   0.00000   0.00000   0.33333   0.66667   0.00000   0.00000   0.00000   0.00000   0.00000   0.00000   0.00000;
 0.33333   0.33333   0.00000   0.00000   0.00000   0.00000   0.33333   0.00000   0.00000   0.00000   0.00000   0.00000   0.00000;
 0.00000   0.33333   0.00000   0.00000   0.00000   0.33333   0.00000   0.00000   0.00000   0.33333   0.00000   0.00000   0.00000;
 0.00000   0.00000   0.00000   0.00000   0.00000   0.00000   0.00000   0.00000   0.00000   0.33333   0.33333   0.33333   0.00000;
 0.00000   0.00000   0.00000   0.00000   0.00000   0.00000   0.00000   0.66667   0.33333   0.00000   0.00000   0.00000   0.00000;
 0.00000   0.33333   0.33333   0.00000   0.00000   0.00000   0.00000   0.00000   0.33333   0.00000   0.00000   0.00000   0.00000;
 0.33333   0.00000   0.00000   0.33333   0.00000   0.00000   0.00000   0.00000   0.00000   0.00000   0.00000   0.33333   0.00000;
Schedule 7 CB1 PMtx--------------------------
 0.00000   0.00000   0.33333   0.00000   0.00000   0.33333   0.00000   0.00000   0.33333   0.00000   0.00000   0.00000   0.00000;
 0.00000   0.00000   0.00000   0.00000   0.33333   0.00000   0.00000   0.33333   0.00000   0.00000   0.00000   0.00000   0.00000;
 0.33333   0.00000   0.00000   0.00000   0.00000   0.00000   0.00000   0.00000   0.00000   0.33333   0.00000   0.33333   0.00000;
 0.33333   0.00000   0.00000   0.00000   0.00000   0.00000   0.00000   0.33333   0.33333   0.00000   0.00000   0.00000   0.00000;
 0.33333   0.00000   0.00000   0.00000   0.00000   0.00000   0.33333   0.00000   0.00000   0.00000   0.33333   0.00000   0.00000;
 0.00000   0.00000   0.00000   0.33333   0.33333   0.00000   0.00000   0.00000   0.33333   0.00000   0.00000   0.00000   0.00000;
 0.00000   0.33333   0.33333   0.00000   0.00000   0.00000   0.00000   0.00000   0.00000   0.00000   0.00000   0.33333   0.00000;
 0.00000   0.00000   0.00000   0.00000   0.33333   0.00000   0.00000   0.33333   0.00000   0.00000   0.00000   0.00000   0.33333;
 0.00000   0.33333   0.00000   0.33333   0.00000   0.00000   0.00000   0.00000   0.00000   0.00000   0.00000   0.33333   0.00000;
 0.00000   0.00000   0.00000   0.00000   0.00000   0.00000   0.66667   0.00000   0.00000   0.00000   0.00000   0.00000   0.33333;
 0.00000   0.00000   0.00000   0.00000   0.00000   0.00000   0.00000   0.00000   0.00000   0.33333   0.33333   0.00000   0.33333;
 0.00000   0.00000   0.33333   0.33333   0.00000   0.33333   0.00000   0.00000   0.00000   0.00000   0.00000   0.00000   0.00000;
 0.00000   0.33333   0.00000   0.00000   0.00000   0.33333   0.00000   0.00000   0.00000   0.33333   0.00000   0.00000   0.00000;
Schedule 8 CB1 PMtx--------------------------
 0.00000   0.00000   0.00000   0.00000   0.00000   0.00000   0.00000   0.33333   0.00000   0.00000   0.00000   0.33333   0.33333;
 0.33333   0.00000   0.33333   0.33333   0.00000   0.00000   0.00000   0.00000   0.00000   0.00000   0.00000   0.00000   0.00000;
 0.33333   0.00000   0.00000   0.00000   0.00000   0.00000   0.00000   0.00000   0.33333   0.00000   0.00000   0.33333   0.00000;
 0.00000   0.00000   0.00000   0.33333   0.00000   0.33333   0.00000   0.00000   0.00000   0.00000   0.33333   0.00000   0.00000;
 0.00000   0.00000   0.00000   0.00000   0.00000   0.00000   0.33333   0.33333   0.33333   0.00000   0.00000   0.00000   0.00000;
 0.33333   0.00000   0.33333   0.00000   0.00000   0.00000   0.00000   0.33333   0.00000   0.00000   0.00000   0.00000   0.00000;
 0.00000   0.00000   0.00000   0.00000   0.00000   0.33333   0.33333   0.00000   0.33333   0.00000   0.00000   0.00000   0.00000;
 0.00000   0.00000   0.00000   0.00000   0.00000   0.00000   0.33333   0.00000   0.00000   0.00000   0.33333   0.00000   0.33333;
 0.00000   0.00000   0.00000   0.00000   0.00000   0.33333   0.00000   0.00000   0.00000   0.33333   0.33333   0.00000   0.00000;
 0.00000   0.33333   0.33333   0.00000   0.00000   0.00000   0.00000   0.00000   0.00000   0.00000   0.00000   0.33333   0.00000;
 0.00000   0.00000   0.00000   0.00000   0.33333   0.00000   0.00000   0.00000   0.00000   0.33333   0.00000   0.00000   0.33333;
 0.00000   0.33333   0.00000   0.00000   0.33333   0.00000   0.00000   0.00000   0.00000   0.00000   0.00000   0.00000   0.00000;
 0.00000   0.00000   0.00000   0.33333   0.33333   0.00000   0.00000   0.00000   0.00000   0.33333   0.00000   0.00000   0.00000;
Schedule 9 CB1 PMtx--------------------------
 0.00000   0.00000   0.00000   0.00000   0.00000   0.33333   0.00000   0.33333   0.00000   0.33333   0.00000   0.00000   0.00000;
 0.00000   0.00000   0.00000   0.33333   0.00000   0.33333   0.00000   0.00000   0.00000   0.00000   0.00000   0.33333   0.00000;
 0.00000   0.00000   0.00000   0.33333   0.00000   0.00000   0.00000   0.33333   0.33333   0.00000   0.00000   0.00000   0.00000;
 0.33333   0.00000   0.00000   0.00000   0.33333   0.00000   0.00000   0.00000   0.33333   0.00000   0.00000   0.00000   0.00000;
 0.00000   0.00000   0.00000   0.00000   0.00000   0.33333   0.00000   0.00000   0.00000   0.00000   0.33333   0.00000   0.00000;
 0.00000   0.00000   0.00000   0.00000   0.00000   0.00000   0.33333   0.00000   0.00000   0.00000   0.33333   0.00000   0.33333;
 0.00000   0.00000   0.00000   0.00000   0.00000   0.00000   0.00000   0.00000   0.00000   0.00000   0.00000   0.33333   0.66667;
 0.00000   0.00000   0.33333   0.00000   0.33333   0.00000   0.00000   0.00000   0.33333   0.00000   0.00000   0.00000   0.00000;
 0.00000   0.33333   0.00000   0.00000   0.00000   0.00000   0.00000   0.33333   0.00000   0.33333   0.00000   0.00000   0.00000;
 0.00000   0.00000   0.33333   0.00000   0.00000   0.00000   0.33333   0.00000   0.00000   0.00000   0.00000   0.33333   0.00000;
 0.33333   0.33333   0.00000   0.33333   0.00000   0.00000   0.00000   0.00000   0.00000   0.00000   0.00000   0.00000   0.00000;
 0.00000   0.00000   0.00000   0.00000   0.00000   0.00000   0.33333   0.00000   0.00000   0.33333   0.33333   0.00000   0.00000;
 0.00000   0.33333   0.33333   0.00000   0.33333   0.00000   0.00000   0.00000   0.00000   0.00000   0.00000   0.00000   0.00000;
Schedule 10 CB1 PMtx--------------------------
 0.00000   0.00000   0.33333   0.00000   0.00000   0.33333   0.00000   0.00000   0.00000   0.00000   0.00000   0.00000   0.00000;
 0.00000   0.00000   0.33333   0.00000   0.33333   0.00000   0.00000   0.00000   0.00000   0.00000   0.33333   0.00000   0.00000;
 0.00000   0.00000   0.00000   0.33333   0.00000   0.00000   0.00000   0.33333   0.33333   0.00000   0.00000   0.00000   0.00000;
 0.00000   0.00000   0.00000   0.00000   0.00000   0.00000   0.33333   0.00000   0.00000   0.33333   0.00000   0.00000   0.33333;
 0.33333   0.33333   0.00000   0.00000   0.00000   0.00000   0.00000   0.00000   0.00000   0.00000   0.00000   0.00000   0.33333;
 0.00000   0.00000   0.00000   0.00000   0.00000   0.33333   0.33333   0.00000   0.00000   0.00000   0.33333   0.00000   0.00000;
 0.00000   0.00000   0.00000   0.33333   0.00000   0.00000   0.00000   0.00000   0.33333   0.00000   0.00000   0.00000   0.33333;
 0.00000   0.00000   0.00000   0.00000   0.33333   0.00000   0.00000   0.00000   0.00000   0.33333   0.33333   0.00000   0.00000;
 0.00000   0.00000   0.33333   0.00000   0.00000   0.00000   0.00000   0.00000   0.33333   0.00000   0.00000   0.33333   0.00000;
 0.00000   0.66667   0.00000   0.00000   0.00000   0.00000   0.00000   0.00000   0.00000   0.33333   0.00000   0.00000   0.00000;
 0.33333   0.00000   0.00000   0.00000   0.00000   0.00000   0.00000   0.00000   0.00000   0.00000   0.00000   0.66667   0.00000;
 0.33333   0.00000   0.00000   0.00000   0.00000   0.33333   0.00000   0.33333   0.00000   0.00000   0.00000   0.00000   0.00000;
 0.00000   0.00000   0.00000   0.33333   0.00000   0.00000   0.33333   0.33333   0.00000   0.00000   0.00000   0.00000   0.00000;
Schedule 11 CB1 PMtx--------------------------
 0.00000   0.33333   0.00000   0.33333   0.00000   0.00000   0.00000   0.00000   0.00000   0.00000   0.00000   0.33333   0.00000;
 0.00000   0.33333   0.00000   0.00000   0.33333   0.00000   0.00000   0.00000   0.00000   0.00000   0.00000   0.33333   0.00000;
 0.00000   0.00000   0.00000   0.33333   0.00000   0.00000   0.33333   0.00000   0.00000   0.00000   0.33333   0.00000   0.00000;
 0.33333   0.00000   0.00000   0.00000   0.00000   0.00000   0.00000   0.00000   0.00000   0.00000   0.33333   0.00000   0.33333;
 0.00000   0.33333   0.00000   0.00000   0.00000   0.00000   0.00000   0.33333   0.00000   0.33333   0.00000   0.00000   0.00000;
 0.00000   0.00000   0.33333   0.00000   0.00000   0.00000   0.00000   0.00000   0.33333   0.33333   0.00000   0.00000   0.00000;
 0.00000   0.00000   0.00000   0.00000   0.00000   0.33333   0.00000   0.33333   0.33333   0.00000   0.00000   0.00000   0.00000;
 0.00000   0.00000   0.33333   0.00000   0.33333   0.00000   0.33333   0.00000   0.00000   0.00000   0.00000   0.00000   0.00000;
 0.33333   0.00000   0.00000   0.00000   0.00000   0.00000   0.00000   0.00000   0.00000   0.00000   0.33333   0.00000   0.00000;
 0.00000   0.00000   0.00000   0.00000   0.00000   0.33333   0.00000   0.33333   0.00000   0.00000   0.00000   0.33333   0.00000;
 0.00000   0.00000   0.33333   0.00000   0.00000   0.00000   0.00000   0.00000   0.00000   0.00000   0.00000   0.00000   0.66667;
 0.33333   0.00000   0.00000   0.00000   0.00000   0.00000   0.33333   0.00000   0.33333   0.00000   0.00000   0.00000   0.00000;
 0.00000   0.00000   0.00000   0.33333   0.00000   0.33333   0.00000   0.00000   0.00000   0.33333   0.00000   0.00000   0.00000;
Schedule 12 CB1 PMtx--------------------------
 0.00000   0.00000   0.00000   0.00000   0.33333   0.33333   0.00000   0.00000   0.00000   0.00000   0.00000   0.00000   0.33333;
 0.00000   0.33333   0.33333   0.33333   0.00000   0.00000   0.00000   0.00000   0.00000   0.00000   0.00000   0.00000   0.00000;
 0.00000   0.00000   0.33333   0.00000   0.00000   0.33333   0.00000   0.00000   0.33333   0.00000   0.00000   0.00000   0.00000;
 0.00000   0.00000   0.00000   0.00000   0.00000   0.00000   0.00000   0.00000   0.00000   0.66667   0.00000   0.00000   0.00000;
 0.00000   0.00000   0.00000   0.00000   0.00000   0.00000   0.33333   0.33333   0.00000   0.00000   0.33333   0.00000   0.00000;
 0.33333   0.00000   0.33333   0.00000   0.00000   0.33333   0.00000   0.00000   0.00000   0.00000   0.00000   0.00000   0.00000;
 0.33333   0.00000   0.00000   0.00000   0.00000   0.00000   0.33333   0.33333   0.00000   0.00000   0.00000   0.00000   0.00000;
 0.33333   0.00000   0.00000   0.00000   0.33333   0.00000   0.00000   0.00000   0.33333   0.00000   0.00000   0.00000   0.00000;
 0.00000   0.33333   0.00000   0.00000   0.00000   0.00000   0.00000   0.00000   0.00000   0.00000   0.33333   0.00000   0.33333;
 0.00000   0.00000   0.00000   0.00000   0.00000   0.00000   0.00000   0.00000   0.00000   0.00000   0.00000   0.66667   0.33333;
 0.00000   0.00000   0.00000   0.33333   0.00000   0.00000   0.33333   0.00000   0.00000   0.33333   0.00000   0.00000   0.00000;
 0.00000   0.00000   0.00000   0.33333   0.00000   0.00000   0.00000   0.33333   0.33333   0.00000   0.00000   0.00000   0.00000;
 0.00000   0.00000   0.00000   0.00000   0.33333   0.00000   0.00000   0.00000   0.00000   0.00000   0.33333   0.33333   0.00000;
Schedule 13 CB1 PMtx--------------------------
 0.00000   0.00000   0.00000   0.00000   0.00000   0.33333   0.00000   0.00000   0.00000   0.00000   0.00000   0.66667   0.00000;
 0.00000   0.00000   0.00000   0.00000   0.33333   0.00000   0.66667   0.00000   0.00000   0.00000   0.00000   0.00000   0.00000;
 0.00000   0.33333   0.33333   0.00000   0.33333   0.00000   0.00000   0.00000   0.00000   0.00000   0.00000   0.00000   0.00000;
 0.00000   0.33333   0.00000   0.33333   0.00000   0.00000   0.00000   0.00000   0.00000   0.00000   0.33333   0.00000   0.00000;
 0.00000   0.00000   0.00000   0.00000   0.00000   0.00000   0.00000   0.00000   0.33333   0.00000   0.33333   0.00000   0.33333;
 0.00000   0.00000   0.33333   0.33333   0.00000   0.00000   0.00000   0.00000   0.00000   0.00000   0.00000   0.33333   0.00000;
 0.00000   0.00000   0.00000   0.00000   0.33333   0.00000   0.00000   0.33333   0.00000   0.00000   0.00000   0.00000   0.00000;
 0.00000   0.00000   0.00000   0.00000   0.00000   0.00000   0.00000   0.00000   0.66667   0.00000   0.00000   0.00000   0.33333;
 0.00000   0.00000   0.33333   0.00000   0.00000   0.33333   0.00000   0.00000   0.00000   0.33333   0.00000   0.00000   0.00000;
 0.33333   0.00000   0.00000   0.00000   0.00000   0.00000   0.33333   0.33333   0.00000   0.00000   0.00000   0.00000   0.00000;
 0.33333   0.33333   0.00000   0.00000   0.00000   0.00000   0.00000   0.00000   0.00000   0.33333   0.00000   0.00000   0.00000;
 0.33333   0.00000   0.00000   0.00000   0.00000   0.00000   0.00000   0.33333   0.00000   0.00000   0.00000   0.00000   0.33333;
 0.00000   0.00000   0.00000   0.33333   0.00000   0.33333   0.00000   0.00000   0.00000   0.33333   0.00000   0.00000   0.00000;
Schedule 14 CB1 PMtx--------------------------
 0.00000   0.33333   0.00000   0.00000   0.00000   0.00000   0.00000   0.00000   0.00000   0.33333   0.00000   0.33333   0.00000;
 0.33333   0.33333   0.33333   0.00000   0.00000   0.00000   0.00000   0.00000   0.00000   0.00000   0.00000   0.00000   0.00000;
 0.00000   0.00000   0.00000   0.00000   0.33333   0.33333   0.00000   0.00000   0.00000   0.00000   0.00000   0.00000   0.33333;
 0.00000   0.00000   0.00000   0.00000   0.00000   0.33333   0.33333   0.00000   0.00000   0.00000   0.00000   0.00000   0.00000;
 0.00000   0.00000   0.00000   0.00000   0.00000   0.00000   0.00000   0.66667   0.33333   0.00000   0.00000   0.00000   0.00000;
 0.00000   0.00000   0.00000   0.33333   0.00000   0.00000   0.00000   0.00000   0.00000   0.00000   0.00000   0.33333   0.33333;
 0.00000   0.00000   0.00000   0.00000   0.00000   0.00000   0.00000   0.00000   0.00000   0.33333   0.33333   0.33333   0.00000;
 0.33333   0.00000   0.00000   0.00000   0.33333   0.00000   0.00000   0.00000   0.33333   0.00000   0.00000   0.00000   0.00000;
 0.00000   0.00000   0.33333   0.33333   0.00000   0.00000   0.00000   0.00000   0.00000   0.00000   0.00000   0.00000   0.33333;
 0.00000   0.00000   0.33333   0.33333   0.00000   0.00000   0.00000   0.00000   0.00000   0.00000   0.33333   0.00000   0.00000;
 0.00000   0.33333   0.00000   0.00000   0.00000   0.00000   0.33333   0.00000   0.00000   0.33333   0.00000   0.00000   0.00000;
 0.33333   0.00000   0.00000   0.00000   0.00000   0.33333   0.00000   0.00000   0.33333   0.00000   0.00000   0.00000   0.00000;
 0.00000   0.00000   0.00000   0.00000   0.33333   0.00000   0.33333   0.00000   0.00000   0.00000   0.33333   0.00000   0.00000;
Schedule 15 CB1 PMtx--------------------------
 0.00000   0.00000   0.00000   0.33333   0.33333   0.00000   0.33333   0.00000   0.00000   0.00000   0.00000   0.00000   0.00000;
 0.00000   0.00000   0.33333   0.00000   0.00000   0.00000   0.00000   0.00000   0.00000   0.00000   0.33333   0.33333   0.00000;
 0.33333   0.00000   0.00000   0.00000   0.00000   0.00000   0.33333   0.00000   0.33333   0.00000   0.00000   0.00000   0.00000;
 0.00000   0.00000   0.00000   0.00000   0.33333   0.00000   0.00000   0.66667   0.00000   0.00000   0.00000   0.00000   0.00000;
 0.00000   0.00000   0.33333   0.00000   0.00000   0.33333   0.00000   0.00000   0.00000   0.00000   0.33333   0.00000   0.00000;
 0.00000   0.33333   0.33333   0.00000   0.00000   0.00000   0.00000   0.00000   0.00000   0.00000   0.00000   0.00000   0.33333;
 0.33333   0.00000   0.00000   0.33333   0.00000   0.00000   0.00000   0.00000   0.00000   0.00000   0.00000   0.00000   0.33333;
 0.00000   0.00000   0.00000   0.00000   0.00000   0.33333   0.33333   0.00000   0.00000   0.00000   0.33333   0.00000   0.00000;
 0.00000   0.00000   0.00000   0.33333   0.00000   0.33333   0.00000   0.00000   0.00000   0.00000   0.00000   0.00000   0.33333;
 0.00000   0.33333   0.00000   0.00000   0.00000   0.00000   0.00000   0.00000   0.00000   0.33333   0.00000   0.33333   0.00000;
 0.00000   0.00000   0.00000   0.00000   0.33333   0.00000   0.00000   0.00000   0.33333   0.33333   0.00000   0.00000   0.00000;
 0.00000   0.33333   0.00000   0.00000   0.00000   0.00000   0.00000   0.00000   0.33333   0.33333   0.00000   0.00000   0.00000;
 0.33333   0.00000   0.00000   0.00000   0.00000   0.00000   0.00000   0.33333   0.00000   0.00000   0.00000   0.00000   0.00000;
Schedule 16 CB1 PMtx--------------------------
 0.00000   0.00000   0.00000   0.00000   0.00000   0.00000   0.00000   0.33333   0.00000   0.33333   0.00000   0.00000   0.33333;
 0.00000   0.33333   0.33333   0.33333   0.00000   0.00000   0.00000   0.00000   0.00000   0.00000   0.00000   0.00000   0.00000;
 0.00000   0.00000   0.00000   0.00000   0.00000   0.33333   0.00000   0.33333   0.00000   0.33333   0.00000   0.00000   0.00000;
 0.00000   0.00000   0.33333   0.00000   0.00000   0.00000   0.33333   0.00000   0.00000   0.00000   0.33333   0.00000   0.00000;
 0.00000   0.00000   0.00000   0.00000   0.66667   0.00000   0.00000   0.00000   0.00000   0.00000   0.33333   0.00000   0.00000;
 0.33333   0.00000   0.00000   0.00000   0.33333   0.00000   0.00000   0.00000   0.00000   0.33333   0.00000   0.00000   0.00000;
 0.33333   0.00000   0.00000   0.00000   0.00000   0.00000   0.00000   0.33333   0.33333   0.00000   0.00000   0.00000   0.00000;
 0.00000   0.33333   0.00000   0.00000   0.00000   0.00000   0.00000   0.00000   0.33333   0.00000   0.00000   0.33333   0.00000;
 0.00000   0.00000   0.33333   0.00000   0.00000   0.00000   0.66667   0.00000   0.00000   0.00000   0.00000   0.00000   0.00000;
 0.00000   0.00000   0.00000   0.00000   0.00000   0.33333   0.00000   0.00000   0.00000   0.00000   0.00000   0.33333   0.00000;
 0.00000   0.00000   0.00000   0.33333   0.00000   0.33333   0.00000   0.00000   0.33333   0.00000   0.00000   0.00000   0.00000;
 0.33333   0.00000   0.00000   0.00000   0.00000   0.00000   0.00000   0.00000   0.00000   0.00000   0.00000   0.33333   0.33333;
 0.00000   0.33333   0.00000   0.00000   0.00000   0.00000   0.00000   0.00000   0.00000   0.00000   0.33333   0.00000   0.33333;
Schedule 17 CB1 PMtx--------------------------
 0.00000   0.00000   0.33333   0.33333   0.00000   0.00000   0.00000   0.00000   0.00000   0.00000   0.00000   0.00000   0.00000;
 0.33333   0.00000   0.00000   0.00000   0.00000   0.00000   0.00000   0.33333   0.33333   0.00000   0.00000   0.00000   0.00000;
 0.00000   0.00000   0.33333   0.00000   0.00000   0.00000   0.33333   0.00000   0.00000   0.00000   0.33333   0.00000   0.00000;
 0.00000   0.33333   0.33333   0.00000   0.00000   0.00000   0.00000   0.00000   0.00000   0.00000   0.00000   0.00000   0.33333;
 0.00000   0.00000   0.00000   0.00000   0.00000   0.00000   0.00000   0.33333   0.33333   0.00000   0.00000   0.33333   0.00000;
 0.00000   0.33333   0.00000   0.33333   0.33333   0.00000   0.00000   0.00000   0.00000   0.00000   0.00000   0.00000   0.00000;
 0.00000   0.00000   0.00000   0.00000   0.00000   0.33333   0.00000   0.00000   0.33333   0.33333   0.00000   0.00000   0.00000;
 0.00000   0.00000   0.00000   0.00000   0.00000   0.33333   0.00000   0.00000   0.00000   0.00000   0.33333   0.00000   0.33333;
 0.33333   0.00000   0.00000   0.00000   0.00000   0.00000   0.33333   0.00000   0.00000   0.00000   0.00000   0.00000   0.33333;
 0.00000   0.00000   0.00000   0.00000   0.00000   0.00000   0.00000   0.33333   0.00000   0.33333   0.00000   0.33333   0.00000;
 0.00000   0.00000   0.00000   0.33333   0.66667   0.00000   0.00000   0.00000   0.00000   0.00000   0.00000   0.00000   0.00000;
 0.00000   0.00000   0.00000   0.00000   0.00000   0.00000   0.33333   0.00000   0.00000   0.33333   0.00000   0.33333   0.00000;
 0.33333   0.33333   0.00000   0.00000   0.00000   0.00000   0.00000   0.00000   0.00000   0.00000   0.33333   0.00000   0.00000;
Schedule 18 CB1 PMtx--------------------------
 0.00000   0.33333   0.00000   0.00000   0.00000   0.00000   0.00000   0.33333   0.00000   0.33333   0.00000   0.00000   0.00000;
 0.00000   0.33333   0.00000   0.00000   0.00000   0.00000   0.00000   0.33333   0.00000   0.00000   0.00000   0.33333   0.00000;
 0.00000   0.00000   0.00000   0.33333   0.00000   0.33333   0.00000   0.00000   0.00000   0.33333   0.00000   0.00000   0.00000;
 0.00000   0.00000   0.33333   0.00000   0.00000   0.00000   0.00000   0.00000   0.33333   0.00000   0.00000   0.00000   0.00000;
 0.00000   0.33333   0.00000   0.00000   0.00000   0.33333   0.00000   0.00000   0.00000   0.00000   0.00000   0.00000   0.33333;
 0.00000   0.00000   0.00000   0.00000   0.00000   0.00000   0.33333   0.00000   0.33333   0.00000   0.00000   0.00000   0.33333;
 0.33333   0.00000   0.00000   0.00000   0.00000   0.00000   0.00000   0.00000   0.00000   0.00000   0.00000   0.66667   0.00000;
 0.00000   0.00000   0.33333   0.00000   0.00000   0.33333   0.00000   0.00000   0.00000   0.00000   0.00000   0.00000   0.33333;
 0.33333   0.00000   0.00000   0.33333   0.00000   0.00000   0.00000   0.00000   0.00000   0.00000   0.33333   0.00000   0.00000;
 0.00000   0.00000   0.00000   0.33333   0.33333   0.00000   0.00000   0.00000   0.00000   0.00000   0.33333   0.00000   0.00000;
 0.00000   0.00000   0.00000   0.00000   0.00000   0.00000   0.33333   0.33333   0.00000   0.33333   0.00000   0.00000   0.00000;
 0.33333   0.00000   0.00000   0.00000   0.00000   0.00000   0.33333   0.00000   0.00000   0.00000   0.33333   0.00000   0.00000;
 0.00000   0.00000   0.00000   0.00000   0.66667   0.00000   0.00000   0.00000   0.33333   0.00000   0.00000   0.00000   0.00000;
Schedule 19 CB1 PMtx--------------------------
 0.00000   0.00000   0.00000   0.00000   0.33333   0.00000   0.00000   0.33333   0.00000   0.33333   0.00000   0.00000   0.00000;
 0.00000   0.00000   0.00000   0.00000   0.00000   0.00000   0.00000   0.00000   0.33333   0.00000   0.33333   0.00000   0.33333;
 0.00000   0.00000   0.00000   0.33333   0.00000   0.00000   0.00000   0.33333   0.00000   0.00000   0.00000   0.33333   0.00000;
 0.33333   0.00000   0.00000   0.00000   0.00000   0.00000   0.00000   0.00000   0.33333   0.00000   0.00000   0.00000   0.33333;
 0.00000   0.00000   0.00000   0.33333   0.00000   0.00000   0.00000   0.33333   0.33333   0.00000   0.00000   0.00000   0.00000;
 0.33333   0.00000   0.33333   0.00000   0.00000   0.00000   0.00000   0.00000   0.00000   0.00000   0.00000   0.33333   0.00000;
 0.00000   0.66667   0.00000   0.00000   0.00000   0.33333   0.00000   0.00000   0.00000   0.00000   0.00000   0.00000   0.00000;
 0.33333   0.00000   0.00000   0.00000   0.00000   0.33333   0.00000   0.00000   0.00000   0.00000   0.00000   0.33333   0.00000;
 0.00000   0.00000   0.33333   0.00000   0.00000   0.33333   0.00000   0.00000   0.00000   0.00000   0.33333   0.00000   0.00000;
 0.00000   0.00000   0.00000   0.00000   0.33333   0.00000   0.33333   0.00000   0.00000   0.00000   0.00000   0.00000   0.33333;
 0.00000   0.00000   0.33333   0.33333   0.33333   0.00000   0.00000   0.00000   0.00000   0.00000   0.00000   0.00000   0.00000;
 0.00000   0.33333   0.00000   0.00000   0.00000   0.00000   0.33333   0.00000   0.00000   0.00000   0.00000   0.00000   0.00000;
 0.00000   0.00000   0.00000   0.00000   0.00000   0.00000   0.33333   0.00000   0.00000   0.33333   0.33333   0.00000   0.00000;
Schedule 20 CB1 PMtx--------------------------
 0.00000   0.00000   0.33333   0.33333   0.00000   0.33333   0.00000   0.00000   0.00000   0.00000   0.00000   0.00000   0.00000;
 0.00000   0.00000   0.00000   0.00000   0.00000   0.00000   0.00000   0.00000   0.00000   0.00000   0.00000   0.33333   0.66667;
 0.00000   0.00000   0.00000   0.00000   0.33333   0.00000   0.00000   0.00000   0.00000   0.00000   0.66667   0.00000   0.00000;
 0.00000   0.00000   0.00000   0.00000   0.00000   0.00000   0.33333   0.00000   0.33333   0.00000   0.33333   0.00000   0.00000;
 0.00000   0.00000   0.33333   0.00000   0.00000   0.33333   0.33333   0.00000   0.00000   0.00000   0.00000   0.00000   0.00000;
 0.33333   0.00000   0.00000   0.00000   0.00000   0.00000   0.00000   0.33333   0.00000   0.00000   0.00000   0.00000   0.00000;
 0.00000   0.00000   0.00000   0.33333   0.00000   0.33333   0.00000   0.00000   0.00000   0.33333   0.00000   0.00000   0.00000;
 0.00000   0.66667   0.00000   0.33333   0.00000   0.00000   0.00000   0.00000   0.00000   0.00000   0.00000   0.00000   0.00000;
 0.33333   0.33333   0.00000   0.00000   0.00000   0.00000   0.33333   0.00000   0.00000   0.00000   0.00000   0.00000   0.00000;
 0.00000   0.00000   0.00000   0.00000   0.33333   0.00000   0.00000   0.00000   0.00000   0.33333   0.00000   0.33333   0.00000;
 0.00000   0.00000   0.00000   0.00000   0.33333   0.00000   0.00000   0.33333   0.00000   0.00000   0.00000   0.00000   0.33333;
 0.33333   0.00000   0.33333   0.00000   0.00000   0.00000   0.00000   0.00000   0.33333   0.00000   0.00000   0.00000   0.00000;
 0.00000   0.00000   0.00000   0.00000   0.00000   0.00000   0.00000   0.00000   0.33333   0.33333   0.00000   0.33333   0.00000;
